{
'inputSLM': {0:'1-gr_tfidf', 1:'2-gr_tfidf', 2:'3-gr_tfidf', 3:'1-gr', 4:'2-gr', 5:'3-gr'},
'basisKernelFamily': {0:('gaussian', [2.28586928152e+12 ,  1.37152156891e+15]), 1:('inverseQuadratic', [ 2.28586928152e+12 ,  1.37152156891e+15]), 2:('polynomial', [1, 5]), 3:('rationalQuadratic', [ 2.28586928152e+12 ,  1.37152156891e+15]), 4:('spherical', [ 2.28586928152e+12 ,  1.37152156891e+15]), 5:('tstudent', [ 2.28586928152e+12 ,  1.37152156891e+15]), 6:('wave', [ 2.28586928152e+12 ,  1.37152156891e+15]), 7:('cauchy', [ 2.28586928152e+12 ,  1.37152156891e+15]), 8:('exponential', [ 2.28586928152e+12 ,  1.37152156891e+15])},
'basisKernelParameterDistribution': {0:'linear', 1:'quadratic', 2:'gaussian', 3:'triangular', 4:'pareto', 5:'beta', 6:'gamma', 7:'weibull'},
'linearCombinationSize': [2, 3, 4, 5, 6, 7, 8, 9, 10, 12, 14, 16, 18, 20, 22, 24, 26, 28, 30, 32, 34, 36, 38, 40],
'weightRegularizer': [1.0, 2.0],
'regularizationParameter': [1.0,  2.0,  3.0, 4.0, 5.0,  7.0,  9.0, 10.0, 20.0, 30.0, 40.0, 50.0, 100.0, 1024.0, 1500.0, 2048.0, 2500.0, 3000.0, 4000.0, 5000.0, 6000.0, 8000.0]
}
