{
'inputSLM': {0:'1-gr_tfidf', 1:'2-gr_tfidf', 2:'3-gr_tfidf', 3:'1-gr', 4:'2-gr', 5:'3-gr'},
'basisKernelFamily': {2:('gaussian', [0.00242485995278, 1.45491597167]), 1:('cauchy',  [0.00242485995278, 1.45491597167]), 0:('exponential',  [0.00242485995278, 1.45491597167]), 3:('polynomial', [1, 5])},
'basisKernelParameterDistribution': {0:'linear', 1:'quadratic', 2:'gaussian', 3:'triangular', 4:'pareto', 5:'beta', 6:'gamma', 7:'weibull'},
'linearCombinationSize': [2, 4, 8, 12, 16, 24],
'weightRegularizer': [1.0, 2.0],
'regularizationParameter': [50.0,  100.0,  1000.0, 1500.0, 2000.0]
}
